[[17.32050808 -3.4641007   0.          0.         -3.4641007   0.        0.         -3.4641007  -3.4641007   0.          0.         -3.46410528]
 [-3.4641007  17.32050808 -3.46410528  0.          0.          0.       -3.4641007  -3.4641007   0.          0.          0.         -3.4641007 ]
 [ 0.         -3.46410528 17.32050808  0.          0.          0.       -3.4641007  -3.4641007   0.         -3.4641007  -3.4641007   0.        ]
 [ 0.          0.          0.         17.32050808 -3.46410528 -3.4641007 0.          0.         -3.4641007  -3.4641007  -3.4641007   0.        ]
 [-3.4641007   0.          0.         -3.46410528 17.32050808 -3.4641007 0.          0.         -3.4641007   0.          0.         -3.4641007 ]
 [ 0.          0.          0.         -3.4641007  -3.4641007  17.320508 -3.46410528  0.          0.          0.         -3.4641007  -3.4641007 ]
 [ 0.         -3.4641007  -3.4641007   0.          0.         -3.464105 17.32050808  0.          0.          0.         -3.4641007  -3.4641007 ]
 [-3.4641007  -3.4641007  -3.4641007   0.          0.          0.        0.         17.32050808 -3.46410528 -3.4641007   0.          0.        ]
 [-3.4641007   0.          0.         -3.4641007  -3.4641007   0.        0.         -3.46410528 17.32050808 -3.4641007   0.          0.        ]
 [ 0.          0.         -3.4641007  -3.4641007   0.          0.        0.         -3.4641007  -3.4641007  17.32050808 -3.46410528  0.        ]
 [ 0.          0.         -3.4641007  -3.4641007   0.         -3.464100 -3.4641007   0.          0.         -3.46410528 17.32050808  0.        ]
 [-3.46410528 -3.4641007   0.          0.         -3.4641007  -3.464100 -3.4641007   0.          0.          0.          0.         17.32050808]]



cube
 [[18. -6.  0. -6. -6.  0.  0.  0.]
 [-6. 18. -6.  0.  0. -6.  0.  0.]
 [ 0. -6. 18. -6.  0.  0. -6.  0.]
 [-6.  0. -6. 18.  0.  0.  0. -6.]
 [-6.  0.  0.  0. 18. -6.  0. -6.]
 [ 0. -6.  0.  0. -6. 18. -6.  0.]
 [ 0.  0. -6.  0.  0. -6. 18. -6.]
 [ 0.  0.  0. -6. -6.  0. -6. 18.]]



input edges
 [[ 5.62766731e-01 -7.77720183e-01  2.14953452e-01  5.62766731e-01  0.00000000e+00 -5.62766731e-01 -2.14953452e-01 -4.80667621e-01  6.95621073e-01 -6.95621073e-01  4.80667621e-01  2.14953452e-01 -2.14953452e-01  7.77720183e-01 -5.62766731e-01 -9.59684003e-07]
  [-4.08869147e-01 -2.52700746e-01  6.61569893e-01  4.08869147e-01 -8.17738295e-01  4.08869147e-01 -6.61569893e-01  6.61569893e-01  0.00000000e+00  0.00000000e+00  6.61569834e-01 -6.61569834e-01  6.61569834e-01 -2.52700686e-01 -4.08869147e-01  0.00000000e+00]
  [ 9.68866348e-02  0.00000000e+00 -9.68866348e-02  9.68866348e-02  0.00000000e+00 -9.68866348e-02  9.68866348e-02  1.66893000e-06 -9.68883038e-02  9.68883038e-02 -1.66893000e-06 -9.68866348e-02  9.68866348e-02  0.00000000e+00 -9.68866348e-02 -1.00000000e+00]]

[[0.71600455 0.         0.         0.         0.         0.         0.         0.         0.         0.         0.         0.         0.         0.         0.         0.        ]
 [0.         0.36732272 0.         0.         0.         0.         0.         0.         0.         0.         0.         0.         0.         0.         0.         0.        ]
 [0.         0.         0.71601622 0.         0.         0.         0.         0.         0.         0.         0.         0.         0.         0.         0.         0.        ]
 [0.         0.         0.         0.71600452 0.         0.         0.         0.         0.         0.         0.         0.         0.         0.         0.         0.        ]
 [0.         0.         0.         0.         0.36733526 0.         0.         0.         0.         0.         0.         0.         0.         0.         0.         0.        ]
 [0.         0.         0.         0.         0.         0.71600455 0.         0.         0.         0.         0.         0.         0.         0.         0.         0.        ]
 [0.         0.         0.         0.         0.         0.         0.71601622 0.         0.         0.         0.         0.         0.         0.         0.         0.        ]
 [0.         0.         0.         0.         0.         0.         0.         0.36731832 0.         0.         0.         0.         0.         0.         0.         0.        ]
 [0.         0.         0.         0.         0.         0.         0.         0.         0.71600246 0.         0.         0.         0.         0.         0.         0.        ]
 [0.         0.         0.         0.         0.         0.         0.         0.         0.         0.71600246 0.         0.         0.         0.         0.         0.        ]
 [0.         0.         0.         0.         0.         0.         0.         0.         0.         0.         0.36731835 0.         0.         0.         0.         0.        ]
 [0.         0.         0.         0.         0.         0.         0.         0.         0.         0.         0.         0.7160163  0.         0.         0.         0.        ]
 [0.         0.         0.         0.         0.         0.         0.         0.         0.         0.         0.         0.         0.7160163  0.         0.         0.        ]
 [0.         0.         0.         0.         0.         0.         0.         0.         0.         0.         0.         0.         0.         0.36732274 0.         0.        ]
 [0.         0.         0.         0.         0.         0.         0.         0.         0.         0.         0.         0.         0.         0.         0.71600452 0.        ]
 [0.         0.         0.         0.         0.         0.         0.         0.         0.         0.         0.         0.         0.         0.         0.         0.        ]]